#	COVID_2019	SRAG_2019	Pneumonia_2019	IR_2019	Sep_2019	ind_2019	outros_2019	COVID_2020	SRAG_2020	Pneumonia_2020	IR_2020	Sep_2020	ind_2020	outros_2020	tot2019	tot2020	
01/01	0	4	557	254	457	24	1642	0	6	602	261	436	23	1748	2938	3076	1
02/01	0	6	476	245	460	24	1694	0	6	587	234	425	21	1717	2905	2990	2
03/01	0	7	550	236	471	13	1761	0	3	515	232	433	15	1599	3038	2797	3
04/01	0	4	567	215	468	17	1650	0	2	519	227	451	23	1551	2921	2773	4
05/01	0	2	527	237	462	20	1582	0	3	542	235	417	32	1555	2830	2784	5
06/01	0	3	514	214	411	17	1503	0	4	559	205	425	28	1638	2662	2859	6
07/01	0	3	558	234	453	17	1576	0	7	593	248	476	18	1616	2841	2958	7
08/01	0	1	548	231	478	15	1637	0	4	505	239	445	29	1612	2910	2834	8
09/01	0	1	554	242	465	14	1525	0	4	564	270	484	21	1637	2801	2980	9
10/01	0	3	554	231	436	12	1583	0	2	548	259	461	24	1662	2819	2956	10
11/01	0	3	506	246	457	15	1582	0	2	524	243	439	29	1651	2809	2888	11
12/01	0	1	534	239	425	9	1588	0	0	583	242	471	24	1697	2796	3017	12
13/01	0	4	534	247	444	19	1581	0	4	493	252	410	21	1612	2829	2792	13
14/01	0	3	502	247	421	14	1551	0	5	539	217	441	16	1605	2738	2823	14
15/01	0	1	542	257	470	23	1621	0	2	547	230	422	21	1687	2914	2909	15
16/01	0	1	562	242	489	15	1648	0	6	525	236	439	24	1599	2957	2829	16
17/01	0	3	521	246	432	23	1611	0	2	522	255	444	18	1573	2836	2814	17
18/01	0	2	553	259	496	16	1538	0	2	561	242	445	23	1558	2864	2831	18
19/01	0	3	532	231	455	12	1594	0	2	567	214	447	22	1592	2827	2844	19
20/01	0	1	515	211	447	18	1648	0	0	578	219	423	18	1604	2840	2842	20
21/01	0	5	521	248	457	23	1595	0	2	544	245	440	11	1568	2849	2810	21
22/01	0	4	542	240	466	17	1637	0	5	509	235	441	18	1551	2906	2759	22
23/01	0	4	548	240	478	10	1645	0	1	495	274	429	28	1525	2925	2752	23
24/01	0	2	504	242	463	17	1648	0	6	467	235	452	31	1641	2876	2832	24
25/01	0	3	495	236	431	17	1622	0	3	520	230	463	20	1621	2804	2857	25
26/01	0	1	526	227	404	22	1508	0	2	532	237	468	21	1647	2688	2907	26
27/01	0	1	542	226	464	11	1522	0	0	516	248	463	20	1613	2766	2860	27
28/01	0	0	472	225	445	21	1551	0	2	520	258	443	26	1605	2714	2854	28
29/01	0	2	494	250	444	20	1626	0	3	509	253	446	23	1575	2836	2809	29
30/01	0	3	539	250	493	16	1647	0	3	569	224	441	18	1616	2948	2871	30
31/01	0	4	576	263	444	25	1682	0	3	524	238	464	24	1545	2994	2798	31
01/02	0	3	566	236	471	22	1672	0	4	544	250	472	22	1570	2970	2862	32
02/02	0	2	590	264	496	26	1743	0	1	545	234	425	14	1616	3121	2835	33
03/02	0	2	569	210	485	19	1669	0	3	498	261	445	24	1590	2954	2821	34
04/02	0	3	496	212	455	27	1621	0	5	499	257	454	30	1576	2814	2821	35
05/02	0	2	485	246	434	10	1501	0	3	487	232	464	21	1545	2678	2752	36
06/02	0	2	491	255	411	21	1537	0	4	514	236	474	18	1635	2717	2881	37
07/02	0	4	492	255	410	14	1544	0	2	476	223	443	18	1630	2719	2792	38
08/02	0	6	535	211	444	16	1584	0	4	535	209	422	30	1673	2796	2873	39
09/02	0	4	533	234	445	18	1615	0	3	465	219	446	24	1645	2849	2802	40
10/02	0	0	518	246	465	26	1629	0	5	481	248	391	28	1585	2884	2738	41
11/02	0	7	562	257	473	23	1640	0	1	528	246	424	18	1526	2962	2743	42
12/02	0	2	548	230	451	21	1536	0	6	486	241	432	27	1536	2788	2728	43
13/02	0	4	496	221	444	20	1486	0	3	499	237	421	27	1543	2671	2730	44
14/02	0	0	445	234	436	16	1582	0	4	499	262	445	30	1651	2713	2891	45
15/02	0	1	524	248	418	13	1559	0	3	519	233	465	28	1687	2763	2935	46
16/02	0	8	485	214	453	14	1634	0	3	524	255	421	26	1731	2808	2960	47
17/02	0	2	496	232	421	15	1552	0	3	512	277	458	24	1675	2718	2949	48
18/02	0	0	496	221	416	26	1603	0	2	575	233	447	18	1645	2762	2920	49
19/02	0	3	459	266	469	12	1546	0	2	513	210	455	23	1584	2755	2787	50
20/02	0	4	500	250	407	12	1539	0	0	526	243	432	21	1620	2712	2842	51
21/02	0	2	473	258	464	14	1592	0	2	520	256	503	10	1646	2803	2937	52
22/02	0	3	523	252	431	22	1525	0	1	508	198	413	20	1598	2756	2738	53
23/02	0	4	490	214	412	18	1624	0	7	498	235	454	27	1562	2762	2783	54
24/02	0	6	548	205	453	18	1706	0	3	533	244	458	19	1661	2936	2918	55
25/02	0	2	517	247	460	21	1587	0	1	526	245	445	16	1624	2834	2857	56
26/02	0	4	492	225	417	9	1639	0	1	557	266	410	25	1663	2786	2922	57
27/02	0	1	513	258	451	19	1567	0	6	510	226	445	30	1594	2809	2811	58
28/02	0	1	501	220	438	18	1563	0	2	515	235	429	31	1579	2741	2791	59
29/02	0	3	501	234	455	16	1577	0	5	563	247	448	18	1558	2786	2839	60
01/03	0	3	501	234	455	16	1577	0	4	542	220	430	12	1585	2786	2793	61
02/03	0	4	526	225	458	16	1631	0	3	577	252	454	14	1633	2860	2933	62
03/03	0	3	471	223	462	15	1603	0	2	510	231	445	24	1622	2777	2834	63
04/03	0	4	500	257	485	19	1625	0	6	551	237	440	29	1681	2890	2944	64
05/03	0	0	531	251	454	21	1600	0	2	569	255	421	14	1644	2857	2905	65
06/03	0	3	501	249	425	12	1636	0	3	486	257	442	25	1686	2826	2899	66
07/03	0	2	561	245	444	25	1542	0	3	521	253	459	29	1659	2819	2924	67
08/03	0	2	541	273	439	21	1621	0	3	579	222	451	21	1693	2897	2969	68
09/03	0	3	513	243	465	17	1592	0	4	582	261	433	22	1724	2833	3026	69
10/03	0	4	528	233	443	25	1604	0	4	556	243	449	26	1619	2837	2897	70
11/03	0	0	527	266	437	19	1655	0	9	569	244	467	30	1639	2904	2958	71
12/03	0	2	574	266	482	20	1562	0	1	582	248	500	31	1619	2906	2981	72
13/03	0	6	524	272	446	6	1616	0	3	619	214	445	23	1636	2870	2940	73
14/03	0	3	506	237	445	25	1601	0	1	620	261	451	22	1644	2817	2999	74
15/03	0	6	572	268	427	24	1673	0	10	668	253	463	32	1684	2970	3110	75
16/03	0	1	576	253	479	16	1610	6	4	627	259	475	25	1749	2935	3145	76
17/03	0	2	546	237	426	19	1601	2	8	595	267	468	25	1645	2831	3010	77
18/03	0	2	524	266	485	16	1716	7	8	642	222	474	22	1590	3009	2965	78
19/03	0	5	604	266	461	15	1672	9	12	642	255	502	25	1591	3023	3036	79
20/03	0	2	523	255	446	18	1656	10	6	640	246	459	23	1664	2900	3048	80
21/03	0	4	547	232	414	17	1594	19	21	599	254	427	34	1583	2808	2937	81
22/03	0	5	545	248	454	16	1580	29	23	579	238	403	39	1555	2848	2866	82
23/03	0	8	559	249	426	18	1641	27	27	581	262	475	29	1600	2901	3001	83
24/03	0	4	567	231	445	20	1631	44	22	573	223	432	26	1585	2898	2905	84
25/03	0	2	582	244	468	20	1594	41	23	599	227	390	28	1597	2910	2905	85
26/03	0	4	533	259	481	22	1625	58	34	544	234	404	32	1495	2924	2801	86
27/03	0	1	524	237	437	17	1536	55	33	539	240	408	21	1626	2752	2922	87
28/03	0	3	511	227	415	26	1481	67	15	511	247	400	27	1612	2663	2879	88
29/03	0	2	521	272	441	16	1551	64	21	531	246	433	23	1676	2803	2994	89
30/03	0	4	557	236	425	15	1646	93	22	515	264	418	36	1567	2883	2915	90
31/03	0	3	576	258	479	19	1644	86	46	529	258	434	27	1574	2979	2954	91
01/04	0	3	554	256	390	13	1652	112	31	503	263	429	29	1555	2868	2922	92
02/04	0	6	549	270	441	14	1641	115	22	482	282	418	26	1628	2921	2973	93
03/04	0	4	537	240	434	24	1673	140	35	452	255	355	25	1583	2912	2845	94
04/04	0	4	537	240	434	24	1673	140	35	452	255	355	25	1583	2912	2845	95
05/04	0	0	538	257	475	18	1684	182	45	518	243	346	29	1585	2972	2948	96
06/04	0	3	566	259	467	24	1659	149	55	507	264	379	35	1641	2978	3030	97
07/04	0	5	593	257	483	17	1604	157	63	480	296	423	15	1575	2959	3009	98
08/04	0	0	551	292	479	15	1731	163	48	451	251	425	26	1595	3068	2959	99
09/04	0	1	587	257	454	22	1630	138	50	471	247	384	22	1612	2951	2924	100
10/04	0	7	566	251	433	21	1705	157	53	453	242	372	25	1550	2983	2852	101
11/04	0	6	543	278	442	13	1629	186	55	467	272	357	25	1607	2911	2969	102
12/04	0	5	594	270	486	21	1714	204	56	450	274	357	25	1616	3090	2982	103
13/04	0	4	616	256	457	31	1735	211	63	452	278	383	40	1601	3099	3028	104
14/04	0	3	584	286	446	15	1681	197	71	461	258	408	33	1664	3015	3092	105
15/04	0	6	580	254	444	17	1721	229	55	461	276	266	38	1581	3022	2906	106
16/04	0	1	625	265	453	18	1692	210	74	468	251	374	35	1604	3054	3016	107
17/04	0	0	588	232	467	25	1649	238	86	429	268	347	32	1621	2961	3021	108
18/04	0	5	583	264	453	10	1730	263	83	467	268	345	34	1613	3045	3073	109
19/04	0	6	595	264	434	10	1721	268	72	444	311	375	33	1585	3030	3088	110
20/04	0	4	625	270	451	17	1721	312	94	483	293	341	38	1613	3088	3174	111
21/04	0	3	571	272	479	19	1658	300	101	464	269	362	16	1606	3002	3118	112
22/04	0	5	606	256	515	24	1775	350	106	483	256	371	28	1627	3181	3221	113
23/04	0	2	637	268	455	17	1747	387	114	533	296	360	38	1719	3126	3447	114
24/04	0	2	592	245	453	16	1700	401	137	492	305	384	34	1698	3008	3451	115
25/04	0	3	617	247	499	24	1744	443	143	479	313	414	30	1714	3134	3536	116
26/04	0	1	595	243	386	13	1675	470	131	487	309	345	34	1780	2913	3556	117
27/04	0	4	618	262	477	17	1635	477	143	485	304	334	37	1777	3013	3557	118
28/04	0	4	642	274	483	21	1780	525	166	517	301	397	35	1685	3204	3626	119
29/04	0	10	606	273	464	18	1788	544	147	481	285	397	30	1663	3159	3547	120
30/04	0	4	614	253	522	13	1718	585	145	427	259	364	18	1614	3124	3412	121
01/05	0	5	650	242	445	28	1715	558	182	429	294	340	29	1626	3085	3458	122
02/05	0	4	636	280	452	21	1760	503	169	449	274	362	43	1673	3153	3473	123
03/05	0	2	601	285	487	20	1744	554	197	450	262	325	25	1598	3139	3411	124
